26,0
25,4
25,3
25,2
25,1
25,0
24,4
24,3
24,2
24,1
24,0
23,3
23,2
23,1
23,0
22,3
22,2
22,1
22,0
21,3
21,2
21,1
21,0
17,3
17,2
17,1
17,0
16,3
16,2
16,1
16,0
15,3
15,2
15,1
15,0
14,4
14,3
14,2
14,1
14,0
13,3
13,2
13,1
13,0
12,4
12,3
12,2
12,1
12,0
11,3
11,2
11,1
11,0
9,3
9,2
9,1
9,0
8,3
8,2
8,1
8,0
7,3
7,2
7,1
7,0
6,4
6,3
6,2
6,1
6,0
5,3
5,2
5,1
5,0
4,3
4,2
4,1
4,0
3,6
3,5
3,4
3,3
3,2
3,1
3,0
2,6
2,5
2,2
2,1
2,0
1,2
1,1
1,0
0,408
0,380
0,379
0,378
0,366
0,363
0,357
0,322
0,318
0,316
0,309
0,243
0,1
0,0
2,4
0,329
1,3
2,3
0,9
0,310
0,305
0,308
0,304
0,303
0,302
0,307
0,12
0,328
0,10
0,8
0,396
0,300
0,445
0,299
0,388
0,298
0,425
0,297
0,354
0,296
0,355
0,295
0,333
0,294
0,437
0,293
0,433
0,292
0,349
0,291
0,386
0,290
0,417
0,289
0,372
0,288
0,416
0,287
0,414
0,286
0,423
0,285
0,321
0,284
0,431
0,283
0,312
0,282
0,359
0,281
0,360
0,280
0,338
0,279
0,382
0,278
0,428
0,277
0,444
0,276
26,1
26,2
26,4
26,5
308,1
308,2
417,0
417,2
417,3
658,1
658,2
659,0
659,2
659,3
660,1
660,2
661,0
661,1
661,3
662,1
662,2
664,0
664,1
664,3
667,1
667,2
668,0
668,1
668,3
668,4
670,1
670,3
670,4
671,0
671,1
671,3
671,4
671,2
670,5
670,2
670,0
668,2
667,3
667,0
664,2
662,3
662,0
661,2
660,3
660,0
659,1
658,3
658,0
417,1
308,3
308,0
26,3
0,343
0,275
0,410
0,274
0,397
0,273
0,337
0,272
0,447
0,271
0,362
0,270
0,383
0,269
0,434
0,268
0,339
0,267
0,436
0,266
0,368
0,265
0,441
0,264
0,405
0,263
0,404
0,262
0,364
0,261
0,306
0,260
0,422
0,259
0,387
0,258
0,406
0,257
0,330
0,256
0,413
0,255
0,381
0,254
0,336
0,253
0,371
0,252
0,353
0,251
0,331
0,250
0,327
0,249
0,407
0,248
0,325
0,247
0,394
0,246
0,402
0,245
0,324
0,244
0,439
0,242
0,351
0,241
0,352
0,240
0,442
0,239
0,314
0,238
0,301
0,237
0,403
0,236
0,377
0,235
0,234
0,346
0,233
0,398
0,232
0,429
0,231
0,230
0,350
0,229
0,440
0,228
0,435
0,227
0,376
0,226
0,412
0,225
0,401
0,224
0,426
0,223
0,400
0,222
0,341
0,221
0,375
0,220
0,348
0,219
0,432
0,218
0,370
0,217
0,345
0,216
0,427
0,215
0,313
0,214
0,347
0,213
0,438
0,212
0,411
0,211
0,418
0,210
0,361
0,209
0,373
0,208
0,369
0,207
0,320
0,206
0,332
0,205
0,421
0,204
0,391
0,203
0,395
0,202
0,390
0,201
0,393
0,200
0,415
0,199
0,392
0,198
0,340
0,197
0,342
0,196
0,389
0,195
0,430
0,194
0,193
0,335
0,192
0,311
0,63
0,319
0,62
0,61
0,384
0,60
0,399
0,59
0,424
0,58
0,323
0,57
0,317
0,56
0,409
0,55
0,356
0,54
0,344
0,53
0,420
0,52
0,446
0,51
0,315
0,50
0,334
0,49
0,443
0,48
0,326
0,47
0,365
0,46
0,419
0,45
0,374
0,6
0,5
0,11
0,4
0,2
0,3
0,7
